4
179406
0
0
erase 2,153172,163328
new 2,25480,25992
new 2,69539,70051
new 2,48563,49075
new 2,70563,71075
new 2,19816,20328
new 2,177523,178035
new 2,3940,4452
new 2,119253,119765
new 2,173427,173939
new 4,30604,30902,30905,31119
new 2,146403,146915
new 4,19300,19496,19500,19816
new 2,127473,127985
new 2,177011,177523
new 2,179059,179571
new 2,4964,5476
new 2,179571,180083
new 4,24964,25122,25126,25480
new 2,30092,30604
new 2,47539,48051
new 2,25992,26504
new 2,37293,37805
new 2,55731,56243
new 2,174963,175475
new 2,37805,38317
new 2,114637,115149
new 2,10596,11108
new 2,38317,38829
new 2,147939,148451
new 2,38829,39341
new 2,148451,148963
new 2,39341,39853
new 2,105932,106444
new 2,39853,40365
new 2,149987,150499
new 2,40365,40877
new 2,174451,174963
new 2,142819,143331
new 2,40877,41389
new 2,72099,72611
new 2,41389,41901
new 2,56755,57267
new 2,22915,23427
new 2,141283,141795
new 2,42413,42925
new 2,46515,47027
new 2,12644,13156
new 2,187251,187763
new 2,104396,104908
new 2,45491,46003
new 2,103372,103884
new 2,68003,68515
new 2,0,1
new 2,3428,3940
new 2,173939,174451
new 2,129009,129521
new 2,29068,29580
new 2,18788,19300
new 2,90531,91043
new 2,169331,169843
new 2,135649,136161
new 2,134625,135137
new 2,91043,91555
new 2,110541,111053
new 2,91555,92067
new 2,104908,105420
new 2,71075,71587
new 2,92067,92579
new 2,175475,175987
new 2,14692,15204
new 2,88483,88995
new 2,107980,108492
new 2,88995,89507
new 2,89507,90019
new 2,147427,147939
new 2,93603,94115
new 2,90019,90531
new 4,26504,26866,26870,27020
new 2,112589,113101
new 2,137697,138209
new 2,82851,83363
new 2,188787,189299
new 2,138209,138721
new 2,41901,42413
new 4,44462,44526,44531,44979
new 2,138721,139233
new 2,172915,173427
new 2,52659,53171
new 2,139233,139745
new 2,101836,102348
new 2,92579,93091
new 2,145891,146403
new 2,93091,93603
new 4,108492,108994,108995,109005
new 2,136673,137185
new 2,87971,88483
new 2,140259,140771
new 2,137185,137697
new 2,183667,184179
new 2,55219,55731
new 2,172403,172915
new 2,124401,124913
new 2,183155,183667
new 2,187763,188275
new 2,184691,185203
new 2,36781,37293
new 2,141795,142307
new 2,184179,184691
new 2,111053,111565
new 2,68515,69027
new 2,181619,182131
new 2,87459,87971
new 2,181107,181619
new 2,150499,151011
new 2,111565,112077
new 2,182643,183155
new 2,168819,169331
new 2,171891,172403
new 2,145379,145891
new 2,182131,182643
new 2,99276,99788
new 2,56243,56755
new 2,136161,136673
new 2,71587,72099
new 2,186227,186739
new 2,130545,131057
new 2,46003,46515
new 2,12132,12644
new 2,146915,147427
new 2,84899,85411
new 2,185203,185715
new 2,99788,100300
new 2,171379,171891
new 2,117205,117717
new 6,32655,32770,32817,32818,33313,33709
new 2,29580,30092
new 2,32143,32655
new 2,130033,130545
new 2,144355,144867
new 2,31631,32143
new 2,118229,118741
new 2,116181,116693
new 2,69027,69539
new 2,31119,31631
new 2,2916,3428
new 2,84387,84899
new 2,52147,52659
new 2,35245,35757
new 2,14180,14692
new 2,34733,35245
new 6,1,48,49,194,545,865
new 2,170867,171379
new 2,34221,34733
new 2,17764,18276
new 2,33709,34221
new 2,61363,61875
new 2,140771,141283
new 2,36269,36781
new 2,109517,110029
new 6,115661,115694,115701,115921,115922,116181
new 2,113101,113613
new 2,35757,36269
new 2,18276,18788
new 2,83875,84387
new 2,186739,187251
new 4,43949,44139,44140,44462
new 2,73635,74147
new 2,170355,170867
new 2,23427,23939
new 2,73123,73635
new 2,100300,100812
new 2,112077,112589
new 2,61875,62387
new 2,74659,75171
new 2,109005,109517
new 2,74147,74659
new 2,151577,152089
new 2,83363,83875
new 2,17252,17764
new 2,75683,76195
new 2,96163,96675
new 2,123377,123889
new 2,75171,75683
new 2,113613,114125
new 2,47027,47539
new 4,865,905,908,1380
new 2,76707,77219
new 2,189299,189561
new 2,124913,125425
new 2,76195,76707
new 2,60339,60851
new 2,77731,78243
new 2,77219,77731
new 2,86947,87459
new 2,169843,170355
new 2,132065,132577
new 2,118741,119253
new 6,131057,131071,131072,131073,131568,132065
new 2,1892,2404
new 2,24452,24964
new 6,139745,140172,140173,140176,140177,140259
new 2,133089,133601
new 2,94627,95139
new 2,132577,133089
new 2,54707,55219
new 2,60851,61363
new 2,53683,54195
new 2,103884,104396
new 2,110029,110541
new 4,97699,97727,97733,98217
new 2,11620,12132
new 2,133601,134113
new 2,86435,86947
new 2,66467,66979
new 2,149475,149987
new 6,65459,65535,65536,65537,66032,66467
new 4,23939,23955,23956,24452
new 2,42925,43437
new 2,64947,65459
new 2,28044,28556
new 2,64435,64947
new 2,59315,59827
new 2,143843,144355
new 2,63923,64435
new 2,15716,16228
new 2,63411,63923
new 2,123889,124401
new 2,85923,86435
new 2,62899,63411
new 2,13668,14180
new 2,62387,62899
new 4,21363,21485,21501,21891
new 2,80291,80803
new 2,122865,123377
new 6,151011,151488,151489,151515,151568,151577
new 2,59827,60339
new 2,122353,122865
new 10,152601,152660,163840,163842,163889,163890,164385,164386,167346,167795
new 2,121841,122353
new 2,96675,97187
new 2,85411,85923
new 2,72611,73123
new 2,121329,121841
new 2,27020,27532
new 2,101324,101836
new 10,120789,120831,120832,120839,120845,120866,120867,120868,120888,121329
new 2,1380,1892
new 2,20851,21363
new 2,67491,68003
new 2,100812,101324
new 2,95139,95651
new 2,66979,67491
new 2,58291,58803
new 2,129521,130033
new 2,102348,102860
new 2,94115,94627
new 2,180083,180595
new 2,185715,186227
new 2,144867,145379
new 2,125425,125937
new 2,106444,106956
new 2,125937,126449
new 2,188275,188787
new 2,22403,22915
new 2,53171,53683
new 2,115149,115661
new 4,20328,20381,20392,20851
new 2,43437,43949
new 2,80803,81315
new 2,58803,59315
new 2,126449,126961
new 2,128497,129009
new 2,180595,181107
new 2,8548,9060
new 2,4452,4964
new 2,9060,9572
new 2,21891,22403
new 2,148963,149475
new 2,7524,8036
new 2,16228,16740
new 2,8036,8548
new 2,54195,54707
new 2,57267,57779
new 2,6500,7012
new 2,82339,82851
new 2,11108,11620
new 2,7012,7524
new 2,168307,168819
new 2,5476,5988
new 2,135137,135649
new 2,126961,127473
new 2,5988,6500
new 2,134113,134625
new 2,119765,120277
new 2,70051,70563
new 2,95651,96163
new 2,28556,29068
zero 68,48,49,194,545,905,908,19496,19500,20381,20392,21485,21501,23955,23956,25122,25126,26866,26870,30902,30905,32818,32819,44139,44140,44526,44531,65537,65538,97727,97733,98354,98355,98877,98878,98879,98880,98881,98882,98907,98908,108994,108995,115694,115701,115921,115922,120831,120832,120839,120845,120866,120867,120868,120888,131073,131074,140172,140173,140176,140177,151488,151489,151515,151568,163890,163891,164386,164898
zero 2,164898,165922
zero 2,165922,166946
zero 2,166946,167346
new 2,127985,128497
new 2,2404,2916
new 2,57779,58291
new 2,143331,143843
new 2,9572,10084
new 2,27532,28044
new 2,10084,10596
new 2,152089,152601
new 2,175987,176499
new 2,79267,79779
new 16,98217,98303,98304,98306,98353,98354,98849,98877,98878,98879,98880,98881,98882,98907,98908,99276
new 2,13156,13668
new 2,79779,80291
new 2,178035,178547
new 2,78243,78755
new 2,97187,97699
new 2,78755,79267
new 2,178547,179059
new 2,81315,81827
new 2,105420,105932
new 2,81827,82339
new 2,176499,177011
new 2,142307,142819
new 2,51123,51635
new 2,114125,114637
new 2,44979,45491
new 2,51635,52147
new 2,120277,120789
new 2,50099,50611
new 2,15204,15716
new 2,50611,51123
new 2,107468,107980
new 2,49075,49587
new 2,102860,103372
new 2,49587,50099
new 2,116693,117205
new 2,106956,107468
new 2,48051,48563
new 2,117717,118229
new 2,16740,17252
new 2,167795,168307
zero 8,32770,32817,32819,33313,65535,65536,65538,66020
zero 12,66020,66032,98303,98304,98306,98353,98355,98849,131071,131072,131074,131543
zero 6,131543,131568,152660,153172,163328,163815
zero 8,163815,163840,163842,163889,163891,164385,189561,189562
